game            ticks  held-rejected-in-window  false-alarm(>5px clear)  true(touch)  held-accepted  missed(accepted but touched)
0260925_170651     15     14      1     12      1      0
0260925_171431     16      4      2      1      7      5
0260925_171635     18      8      1      6      8      2
0260925_171833     21     11      2      8      6      4
0260925_172034      8      3      2      1      2      0
0260925_172303     18      6      5      1      7      3
0260925_172548     24     15      3     12      7      0
0260925_173206     14     12      8      4      1      1
0260925_183803     16      5      3      1      5      0
0260925_183834     16      3      3      0      8      0
0260925_183915     15      3      3      0     10      0
0260925_184019     17     17      3      5      0      0
0260925_184659     16     16      0     15      0      0
0260925_184759     21      3      3      0     10      0
0260925_185208     19      2      2      0      7      0
0260925_185508     14     14      1     13      0      0
0260925_185849     18      9      1      6      1      0
0260925_190018      8      0      0      0      6      0
0260925_190409     12      0      0      0      7      0
0260925_190520     16     16      2     13      0      0
0260925_191022     28     16      3     12     10      2
0260925_191540     18      8      6      1      5      1
0260925_191831     21     12      2      9      7      0
0260925_192050     25     15      3     10      1      0
total {'ticks': 414, 'rejected': 212, 'false': 59, 'true': 130, 'accepted': 116, 'missed': 18}
